5 0.185512 0.168139 0.177116 0.234822
5 0.18398 0.409507 0.166697 0.184094
5 0.185512 0.650057 0.17589 0.215186
5 0.149108 0.89343 0.14966 0.202831
5 0.373966 0.132548 0.1716 0.220913
5 0.378562 0.395189 0.206533 0.198004
5 0.388368 0.641057 0.183244 0.197185
5 0.457008 0.846424 0.166084 0.177549
5 0.639333 0.884062 0.170374 0.185731
5 0.608384 0.654966 0.134216 0.203731
5 0.601949 0.405007 0.185083 0.184912
5 0.581418 0.143184 0.170987 0.212731
5 0.776307 0.216004 0.163633 0.250368
5 0.8284 0.505646 0.169762 0.206186
5 0.817675 0.765832 0.160569 0.212731
5 0.970644 0.48695 0.05099 0.17043
5 0.956548 0.745704 0.079181 0.219931
5 0.038733 0.469236 0.061286 0.213549
5 0.032604 0.723695 0.053931 0.234822