5 0.498588 0.450583 0.249642 0.156333
5 0.749048 0.661756 0.251279 0.315122
5 0.888467 0.465513 0.214176 0.277864
5 0.649192 0.308574 0.208717 0.193166
5 0.4106 0.300798 0.263556 0.180888
5 0.175281 0.440761 0.266012 0.213628
5 0.292736 0.709229 0.358502 0.365869
5 0.259996 0.162472 0.19644 0.123593
5 0.397094 0.104768 0.177614 0.117864
5 0.355351 0.038469 0.172703 0.04911
5 0.205157 0.082668 0.157152 0.062206
5 0.086884 0.168201 0.139963 0.118682
5 0.756824 0.161244 0.199714 0.127686
5 0.929802 0.190624 0.131508 0.089863
5 0.852179 0.110088 0.136689 0.069572
5 0.923798 0.066298 0.11459 0.088398
5 0.785881 0.051975 0.161244 0.082668
5 0.643053 0.092081 0.209536 0.087579