5 0.119399 0.148057 0.148466 0.215951
5 0.301607 0.147239 0.143558 0.235583
5 0.490258 0.133742 0.157669 0.203681
5 0.675227 0.131288 0.177914 0.192229
5 0.860196 0.149693 0.158896 0.206135
5 0.873387 0.396319 0.184049 0.233129
5 0.684429 0.386912 0.152147 0.201227
5 0.89854 0.640491 0.142331 0.215951
5 0.921853 0.877301 0.147239 0.215133
5 0.695166 0.630266 0.165031 0.208589
5 0.716638 0.874847 0.162577 0.193865
5 0.489337 0.381595 0.159509 0.205317
5 0.491178 0.626176 0.202454 0.246217
5 0.528294 0.86544 0.17362 0.207771
5 0.320933 0.630675 0.151534 0.215951
5 0.318785 0.868303 0.191411 0.226585
5 0.306515 0.39182 0.161963 0.220859
5 0.123693 0.389775 0.166871 0.236401
5 0.123693 0.625767 0.177914 0.189775
5 0.115411 0.864622 0.183436 0.183231