5 0.499651 0.746433 0.38223 0.234769
5 0.163835 0.613098 0.276297 0.239677
5 0.691311 0.457267 0.319981 0.161966
5 0.574458 0.272397 0.252272 0.124337
5 0.291608 0.400007 0.228246 0.150514
5 0.139809 0.300618 0.215141 0.130063
5 0.271405 0.207365 0.218417 0.107159
5 0.372423 0.157058 0.186746 0.098161
5 0.618688 0.175872 0.205312 0.114521
5 0.834374 0.157467 0.180194 0.087527
5 0.87642 0.316161 0.200944 0.134972
5 0.88461 0.69858 0.208588 0.247039
5 0.878058 0.085891 0.180194 0.076893
5 0.706601 0.09857 0.119037 0.092435
5 0.486546 0.082619 0.144155 0.085073
5 0.274681 0.081392 0.152892 0.067895
5 0.937817 0.218507 0.114057 0.080361