0 0.2157190635451505 0.17224080267558528 0.18394648829431437 0.2040133779264214
0 0.3879598662207358 0.15719063545150502 0.20735785953177258 0.23411371237458195
0 0.580267558528428 0.15551839464882944 0.19732441471571907 0.21070234113712374
0 0.7441471571906354 0.13377926421404682 0.23076923076923078 0.22073578595317725
0 0.81438127090301 0.39297658862876256 0.23745819397993312 0.2909698996655518
0 0.6237458193979933 0.41471571906354515 0.2040133779264214 0.2809364548494983
0 0.4230769230769231 0.4096989966555184 0.17725752508361203 0.24414715719063546
0 0.23411371237458195 0.43812709030100333 0.2140468227424749 0.26755852842809363
0 0.15384615384615385 0.7709030100334449 0.20066889632107024 0.411371237458194
0 0.3862876254180602 0.794314381270903 0.21070234113712374 0.36454849498327757
0 0.6153846153846154 0.7709030100334449 0.23411371237458195 0.3979933110367893
0 0.8478260869565217 0.7658862876254181 0.2709030100334448 0.36789297658862874
