0 0.11705685618729098 0.4197324414715719 0.11371237458193979 0.24414715719063546
0 0.2508361204013378 0.391304347826087 0.11371237458193979 0.16722408026755853
0 0.3862876254180602 0.15719063545150502 0.10367892976588629 0.17391304347826086
0 0.3528428093645485 0.46153846153846156 0.08361204013377926 0.20735785953177258
0 0.6755852842809364 0.3210702341137124 0.14046822742474915 0.1939799331103679
0 0.7959866220735786 0.3110367892976589 0.15384615384615385 0.23411371237458195
0 0.5719063545150501 0.5836120401337793 0.1605351170568562 0.2976588628762542
0 0.7341137123745819 0.6086956521739131 0.16387959866220736 0.3277591973244147
0 0.4331103678929766 0.6438127090301003 0.13043478260869565 0.25752508361204013
0 0.4983277591973244 0.1254180602006689 0.13377926421404682 0.13043478260869565
0 0.3311036789297659 0.2608695652173913 0.0802675585284281 0.14715719063545152
0 0.4197324414715719 0.30267558528428096 0.08361204013377926 0.09698996655518395
0 0.24581939799331104 0.5501672240802675 0.12374581939799331 0.15719063545150502
0 0.1020066889632107 0.6020066889632107 0.12374581939799331 0.14046822742474915
0 0.560200668896321 0.8578595317725752 0.10367892976588629 0.16387959866220736
0 0.7123745819397993 0.862876254180602 0.12040133779264214 0.1806020066889632
